11 61616611 61 666 6166611116 κ

(16111661 (1661 11666 66 661166166666 666 quelques lignes
6666611166 pur 16 11161661 116616611161611661166116 (16
611666166166 666 (1616111116 66116 611666116616166166
1616611, sans (16616, 66661666 61 66161 (166816111666; il leur
61616611611 66 11661611161166 61 666 611666 666611 116
66 66161661 1166616. - ceux-oi, 61616666 1161116161611
16616 61611166, (11666111611 61 (11611611 111116111661666661-
1616116166 plus 111661166, 116 (161616111 666 66111161 666 1661
ancien questeur‚ 111611116616111616 661 61611 respecto leurs
1116116 61166161166, 1616116616666 61161661 les 61611 remis
66 possession du 1611111666 (11116111161616, 6111611 (1116111661
161-1611666616166 1661 (16166666116161.

Gioorou 16166611 66 1161161166 661161611 (16 666 succos
comme 6666166161 persuade} 666 16111611 (16 66 616116
61611 (1666666 166 1166111166 (16 16816116, 11661161661161
11116166, 11 61111116 quelques jours 11 1616616666 11 161
16 1111661666 61661616 661 16161111616661161616661 son
6166611. 11 16 1666616 161-11111661161611116666 groco et
666616 qu'il sut 66 16116666 6161111.

11116 6661661111 plus 666611161616116, 66 816116, 611 grand
homme (16 province, 111616 bion (16 6616116 666661116 o
Romo, 611166 16661611166 16611166 (16 66661661 (16 Liiybo'e
61611 166 pouvuii avoir 66111111 166 1116166166 616161166
(16 (1131666661 (1611666166 (1Ἀ16611661 (16 16 1616166 (1.11-
1611616.

11666111116161 (611611 plaido'es par Cicoron i sou 161661 (16
816116, 11 ne 16616 666 166 fragments (1611 discours pro-
66666 66161661 (166 homonyme do 16161661, M. 1611166,
661 6611611 6161616 666116 66 (16666 1616166 (16 campagus,
P. Fabius, ve'uiran (166 armies (16 Syliatcelui-oi 61611
666661 (161611 (1111611 la 11116 (16 (1616661661, 611616 sui·
16 1611116116 (16 1116111116. (1166166 plaido, 66 1182-72 611
66 683-712, (161661 166 recuperatores, 66161616616611611616
oudo 6166 (6611111166, 6116166616666166161161 les (1111616616
66116666 611116 661116611616 6666161 (166 6166116116 1611-
viores. 1616666 (1161111611616, 1661616 (111666661161).061116-
1166, (16 11666166 1111166116 61 (16 161616166 (111116116111 16-

1. 1611 16 Pro luneio. xxw, 65 1111111111 pro 11. 1111116 ,· 166 11116-
-11111, ou. 11161116 (16 66 discours somliuuu

1). ,161111161166 611661( 6111611 (16 suus 1611111.

 

